# oST version 5.0 parameters


[image]

width
640

height
480

[narrow_stereo]

camera matrix
609.315040 0.000000 309.996260
0.000000 607.802618 257.443018
0.000000 0.000000 1.000000

distortion
-0.469632 0.228060 -0.001035 0.000715 0.000000

rectification
1.000000 0.000000 0.000000
0.000000 1.000000 0.000000
0.000000 0.000000 1.000000

projection
520.067932 0.000000 306.648992 0.000000
0.000000 558.067932 259.643742 0.000000
0.000000 0.000000 1.000000 0.000000

