%YAML:1.0
depthShift: -5.6843545203914985e+01
