%YAML:1.0
rotation: !!opencv-matrix
   rows: 3
   cols: 3
   dt: d
   data: [ 9.9591020199457425e-01, -1.6393926653151321e-02,
       8.8848797020653833e-02, 1.1544576372552007e-02,
       9.9842943380791438e-01, 5.4821423388906110e-02,
       -8.9607992497904812e-02, -5.3571493118061239e-02,
       9.9453532003926182e-01 ]
translation: !!opencv-matrix
   rows: 3
   cols: 1
   dt: d
   data: [ -7.8316381780278499e-02, -2.5771999824950299e-02,
       9.9531952683619446e-02 ]
essential: !!opencv-matrix
   rows: 3
   cols: 3
   dt: d
   data: [ 1.1603229377048730e-03, -9.7994986652441288e-02,
       -3.1087647412752016e-02, 9.2107113351027600e-02,
       -5.8272450395138314e-03, 8.6731702079222511e-02,
       2.4762468100786021e-02, -7.8615884993603197e-02,
       -2.0036043426005252e-03 ]
fundamental: !!opencv-matrix
   rows: 3
   cols: 3
   dt: d
   data: [ -4.6092446066862849e-07, 3.9042777971911932e-05,
       -4.5039578785442290e-03, -3.6577495941071324e-05,
       2.3209728183785705e-06, -6.3477800843578941e-04,
       1.1023042317852795e-02, -7.7169396795426842e-03, 1. ]
