%YAML:1.0
cameraMatrix: !!opencv-matrix
   rows: 3
   cols: 3
   dt: d
   data: [ 9.8421394062684055e+02, 0., 9.5429861576716348e+02, 0.,
       9.8450877553303724e+02, 5.5401542746307041e+02, 0., 0., 1. ]
distortionCoefficients: !!opencv-matrix
   rows: 1
   cols: 5
   dt: d
   data: [ 4.1045768940005084e-02, -7.2275235439645827e-02,
       1.6222176028911730e-03, -1.3807878437855985e-03,
       2.4154639338455283e-02 ]
rotation: !!opencv-matrix
   rows: 3
   cols: 3
   dt: d
   data: [ 1., 0., 0., 0., 1., 0., 0., 0., 1. ]
projection: !!opencv-matrix
   rows: 4
   cols: 4
   dt: d
   data: [ 9.8421394062684055e+02, 0., 9.5429861576716348e+02, 0., 0.,
       9.8450877553303724e+02, 5.5401542746307041e+02, 0., 0., 0., 1.,
       0., 0., 0., 0., 1. ]
