%YAML:1.0
cameraMatrix: !!opencv-matrix
   rows: 3
   cols: 3
   dt: d
   data: [ 2.8238662460627648e+02, 0., 2.6173571883645104e+02, 0.,
       2.8155169608998040e+02, 2.0776816846876852e+02, 0., 0., 1. ]
distortionCoefficients: !!opencv-matrix
   rows: 1
   cols: 5
   dt: d
   data: [ 9.2966889621280812e-03, -8.9034474359882376e-02,
       -2.5936071417832713e-03, 1.1843438931692432e-03,
       2.3710182932719901e-02 ]
rotation: !!opencv-matrix
   rows: 3
   cols: 3
   dt: d
   data: [ 1., 0., 0., 0., 1., 0., 0., 0., 1. ]
projection: !!opencv-matrix
   rows: 4
   cols: 4
   dt: d
   data: [ 2.8238662460627648e+02, 0., 2.6173571883645104e+02, 0., 0.,
       2.8155169608998040e+02, 2.0776816846876852e+02, 0., 0., 0., 1.,
       0., 0., 0., 0., 1. ]
